54 
-0.35187 -0.5 0.351905 0.0 -0.5 0.351905 0.35187 -0.5 0.351905 -0.35187 -0.5 0.0 0.0 -0.5 0.0 0.35187 -0.5 0.0 -0.35187 -0.5 -0.351905 0.0 -0.5 -0.351905 0.35187 -0.5 -0.351905 -0.35187 0.203811 0.351905 0.0 0.5 0.351905 0.35187 0.203811 0.351905 -0.35187 0.203811 0.0 0.0 0.5 0.0 0.35187 0.203811 0.0 -0.35187 0.203811 -0.351905 0.0 0.5 -0.351905 0.35187 0.203811 -0.351905 
54 
0.0 -1.5708 0.0 0.0 -3.14159 0.0 0.0 -1.5708 0.0 0.0 -3.14159 0.0 0.0 -1.0 0.0 0.0 -3.14159 0.0 0.0 -1.5708 0.0 0.0 -3.14159 0.0 0.0 -1.5708 0.0 -1.01156 1.20173 0.0 1.19209e-007 2.40345 0.0 1.01156 1.20173 0.0 -2.02312 2.40345 0.0 0.0 1.0 0.0 2.02312 2.40345 0.0 -1.01156 1.20173 0.0 -1.19209e-007 2.40345 0.0 1.01156 1.20173 0.0 
126 
0.475855 0.01 0.0 0.628548 0.01 0.0 0.628548 0.315387 0.0 0.475855 0.315387 0.0 0.781242 0.01 0.0 0.781242 0.315387 0.0 0.01 0.652663 0.0 0.01 0.499985 0.0 0.443905 0.499985 0.0 0.315387 0.652663 0.0 0.01 0.347307 0.0 0.315387 0.347307 0.0 0.781242 0.652663 0.0 0.628548 0.652663 0.0 0.628548 0.499985 0.0 0.781242 0.499985 0.0 0.628548 0.347307 0.0 0.781242 0.347307 0.0 0.475855 0.652663 0.0 0.475855 0.499985 0.0 0.475855 0.347307 0.0 0.01 0.684613 0.0 0.162693 0.684613 0.0 0.162693 0.99 0.0 0.01 0.99 0.0 0.315387 0.684613 0.0 0.315387 0.99 0.0 0.01 0.315356 0.0 0.01 0.162678 0.0 0.443905 0.162678 0.0 0.315387 0.315356 0.0 0.01 0.01 0.0 0.315387 0.01 0.0 0.475855 0.989969 0.0 0.475855 0.837291 0.0 0.628548 0.837291 0.0 0.628548 0.989969 0.0 0.475855 0.684613 0.0 0.628548 0.684613 0.0 0.781242 0.837291 0.0 0.781242 0.989969 0.0 0.781242 0.684613 0.0 
32 
0 0 12 3 3 13 4 4 14 4 4 14 1 1 15 0 0 12 1 1 15 4 4 14 5 5 16 5 5 16 2 2 17 1 1 15 3 3 13 6 6 18 7 7 19 7 7 19 4 4 14 3 3 13 4 4 14 7 7 19 8 8 20 8 8 20 5 5 16 4 4 14 9 9 33 10 10 34 13 13 35 13 13 35 12 12 36 9 9 33 10 10 34 11 11 37 14 14 38 14 14 38 13 13 35 10 10 34 12 12 36 13 13 35 16 16 39 16 16 39 15 15 40 12 12 36 13 13 35 14 14 38 17 17 41 17 17 41 16 16 39 13 13 35 0 0 6 1 1 7 10 10 8 10 10 8 9 9 9 0 0 6 1 1 7 2 2 10 11 11 11 11 11 11 10 10 8 1 1 7 2 2 21 5 5 22 14 14 23 14 14 23 11 11 24 2 2 21 5 5 22 8 8 25 17 17 26 17 17 26 14 14 23 5 5 22 8 8 27 7 7 28 16 16 29 16 16 29 17 17 30 8 8 27 7 7 28 6 6 31 15 15 32 15 15 32 16 16 29 7 7 28 6 6 0 3 3 1 12 12 2 12 12 2 15 15 3 6 6 0 3 3 1 0 0 4 9 9 5 9 9 5 12 12 2 3 3 1 
ambient 0.0 0.0 0.0 
diffuse 1.0 1.0 1.0 
specular 0.0 0.0 0.0 
