36 
-0.358666 -0.5 0.358666 0.358666 -0.5 0.358666 -0.358666 -0.5 0.0 0.358666 -0.5 0.0 -0.358666 -0.5 -0.358666 0.358666 -0.5 -0.358666 -0.358666 0.217332 0.358666 0.358666 0.217332 0.358666 -0.358666 0.5 0.0 0.358666 0.5 0.0 -0.358666 0.217332 -0.358666 0.358666 0.217332 -0.358666 
36 
0.0 -1.5708 0.0 0.0 -1.5708 0.0 0.0 -3.14159 0.0 0.0 -3.14159 0.0 0.0 -1.5708 0.0 0.0 -1.5708 0.0 0.0 1.23371 0.972298 0.0 1.23371 0.972298 0.0 2.46742 1.19209e-007 0.0 2.46742 0.0 0.0 1.23371 -0.972298 0.0 1.23371 -0.972298 
96 
0.3257 0.450103 0.0 0.3257 0.914881 0.0 0.16785 0.450103 0.0 0.16785 0.914881 0.0 0.16785 0.01 0.0 0.350375 0.65785 0.0 0.3257 0.134403 0.0 0.16785 0.474778 0.0 0.01 0.450103 0.0 0.3257 0.599181 0.0 0.01 0.134403 0.0 0.666075 0.65785 0.0 0.6743 0.3257 0.0 0.6743 0.16785 0.0 0.99 0.16785 0.0 0.99 0.3257 0.0 0.6743 0.01 0.0 0.99 0.01 0.0 0.350375 0.333925 0.0 0.666075 0.333925 0.0 0.666075 0.491775 0.0 0.350375 0.491775 0.0 0.01 0.914881 0.0 0.01 0.599181 0.0 0.666075 0.649625 0.0 0.350375 0.649625 0.0 0.350375 0.01 0.0 0.666075 0.01 0.0 0.666075 0.3257 0.0 0.350375 0.3257 0.0 0.666075 0.97355 0.0 0.350375 0.97355 0.0 
20 
0 0 12 2 2 13 3 3 14 3 3 14 1 1 15 0 0 12 2 2 13 4 4 16 5 5 17 5 5 17 3 3 14 2 2 13 6 6 18 7 7 19 9 9 20 9 9 20 8 8 21 6 6 18 8 8 21 9 9 20 11 11 24 11 11 24 10 10 25 8 8 21 0 0 26 1 1 27 7 7 28 7 7 28 6 6 29 0 0 26 1 1 1 3 3 3 9 9 7 9 9 7 7 7 9 1 1 1 3 3 3 5 5 22 11 11 23 11 11 23 9 9 7 3 3 3 5 5 5 4 4 11 10 10 30 10 10 30 11 11 31 5 5 5 4 4 0 2 2 2 8 8 4 8 8 4 10 10 6 4 4 0 2 2 2 0 0 8 6 6 10 6 6 10 8 8 4 2 2 2 
ambient 0.0 0.0 0.0 
diffuse 1.0 1.0 1.0 
specular 0.0 0.0 0.0 
